%YAML:1.0
K1: !!opencv-matrix
   rows: 3
   cols: 3
   dt: d
   data: [ 2.2750744488053189e+02, 0., 4.7238657542377592e+02, 0.,
       2.2702521428699586e+02, 3.0739834016088594e+02, 0., 0., 1. ]
K2: !!opencv-matrix
   rows: 3
   cols: 3
   dt: d
   data: [ 2.2685825428425480e+02, 0., 4.7780421917084459e+02, 0.,
       2.2600341713162445e+02, 2.9615788550621158e+02, 0., 0., 1. ]
D1: [ 1.2859899764153051e-02, 2.6601517038215153e-03,
    -5.8691339612657262e-03, 1.2578107543810778e-03 ]
D2: [ 2.0135754805252818e-02, -1.5476457075718731e-02,
    2.0050891948510570e-02, -9.8079718162947492e-03 ]
R: !!opencv-matrix
   rows: 3
   cols: 3
   dt: d
   data: [ 9.9999604461793556e-01, -2.3154294286072429e-03,
       -1.5967263525422982e-03, 2.3242822449594173e-03,
       9.9998181425737487e-01, 5.5649677963920795e-03,
       1.5838120246828237e-03, -5.5686570275295319e-03,
       9.9998324065875244e-01 ]
T: [ -1.0995575263878363e-01, 4.3325053142132761e-04,
    1.0159552508102005e-03 ]
R1: !!opencv-matrix
   rows: 3
   cols: 3
   dt: d
   data: [ 9.9992180925729901e-01, -6.2038183805021218e-03,
       -1.0857624469078156e-02, 6.2340570969336238e-03,
       9.9997677740167645e-01, 2.7533959886463415e-03,
       1.0840290758183215e-02, -2.8208677494463313e-03,
       9.9993726343277078e-01 ]
R2: !!opencv-matrix
   rows: 3
   cols: 3
   dt: d
   data: [ 9.9994955534327246e-01, -3.9400273823784679e-03,
       -9.2392073803848340e-03, 3.9142603606118860e-03,
       9.9998840434960357e-01, -2.8053042906850383e-03,
       9.2501532214873308e-03, 2.7689981148605698e-03,
       9.9995338257081723e-01 ]
P1: !!opencv-matrix
   rows: 3
   cols: 4
   dt: d
   data: [ 2.1090994058110277e+02, 0., 5.4882132419075629e+02, 0., 0.,
       2.1090994058110277e+02, 2.7246246094191775e+02, 0., 0., 0., 1.,
       0. ]
P2: !!opencv-matrix
   rows: 3
   cols: 4
   dt: d
   data: [ 2.1090994058110277e+02, 0., 5.4882132419075629e+02,
       -2.3191931164602735e+01, 0., 2.1090994058110277e+02,
       2.7246246094191775e+02, 0., 0., 0., 1., 0. ]
Q: !!opencv-matrix
   rows: 4
   cols: 4
   dt: d
   data: [ 1., 0., 0., -5.4882132419075629e+02, 0., 1., 0.,
       -2.7246246094191775e+02, 0., 0., 0., 2.1090994058110277e+02, 0.,
       0., 9.0941085968299760e+00, 0. ]
